
light {
  0 2.5 -5.75
}

sphere {
  5.0 -10.0 -4.69
  0.355
}

triangle {
  -0.4 -2.75 -9.55
  -0.93 0.55 -8.51
  0.11 -2.75 -7.98
}
triangle {
  0.11 -2.75 -7.98
  -0.93 0.55 -8.51
  -1.46 -2.75 -7.47
}
triangle {
  -1.46 -2.75 -7.47
  -0.93 0.55 -8.51
  -1.97 -2.75 -9.04
}
triangle {
  -1.97 -2.75 -9.04
  -0.93 0.55 -8.51
  -0.4 -2.75 -9.55
}

triangle {
  2.75 2.75 -10.5
  2.75 2.75 -5
  -2.75 2.75 -5
}
triangle {
  -2.75 2.75 -10.5
  2.75 2.75 -10.5
  -2.75 2.75 -5
}

triangle {
  2.75 2.75 -5
  2.75 2.75 -10.5
  2.75 -2.75 -10.5
}
triangle {
  2.75 -2.75 -5
  2.75 2.75 -5
  2.75 -2.75 -10.5
}

triangle {
  -2.75 -2.75 -5
  -2.75 -2.75 -10.5
  -2.75 2.75 -10.5
}
triangle {
  -2.75 2.75 -5
  -2.75 -2.75 -5
  -2.75 2.75 -10.5
}
s
triangle {
  2.75 -2.75 -5
  2.75 -2.75 -10.5
  -2.75 -2.75 -10.5
}
triangle {
  -2.75 -2.75 -5
  2.75 -2.75 -5
  -2.75 -2.75 -10.5
}

triangle {
  -2 -1 -7
  -1.276 -0.4472 -6.474
  -2.276 -0.4472 -6.149
}
triangle {
  -1.276 -0.4472 -6.474
  -2 -1 -7
  -1.276 -0.4472 -7.526
}
triangle {
  -2 -1 -7
  -2.276 -0.4472 -6.149
  -2.894 -0.4472 -7
}
triangle {
  -2 -1 -7
  -2.894 -0.4472 -7
  -2.276 -0.4472 -7.851
}
triangle {
  -2 -1 -7
  -2.276 -0.4472 -7.851
  -1.276 -0.4472 -7.526
}
triangle {
  -1.276 -0.4472 -6.474
  -1.276 -0.4472 -7.526
  -1.106 0.4472 -7
}
triangle {
  -2.276 -0.4472 -6.149
  -1.276 -0.4472 -6.474
  -1.724 0.4472 -6.149
}
triangle {
  -2.894 -0.4472 -7
  -2.276 -0.4472 -6.149
  -2.724 0.4472 -6.474
}
triangle {
  -2.276 -0.4472 -7.851
  -2.894 -0.4472 -7
  -2.724 0.4472 -7.526
}
triangle {
  -1.276 -0.4472 -7.526
  -2.276 -0.4472 -7.851
  -1.724 0.4472 -7.851
}
triangle {
  -1.276 -0.4472 -6.474
  -1.106 0.4472 -7
  -1.724 0.4472 -6.149
}
triangle {
  -2.276 -0.4472 -6.149
  -1.724 0.4472 -6.149
  -2.724 0.4472 -6.474
}
triangle {
  -2.894 -0.4472 -7
  -2.724 0.4472 -6.474
  -2.724 0.4472 -7.526
}
triangle {
  -2.276 -0.4472 -7.851
  -2.724 0.4472 -7.526
  -1.724 0.4472 -7.851
}
triangle {
  -1.276 -0.4472 -7.526
  -1.724 0.4472 -7.851
  -1.106 0.4472 -7
}
triangle {
  -1.724 0.4472 -6.149
  -1.106 0.4472 -7
  -2 1 -7
}
triangle {
  -2.724 0.4472 -6.474
  -1.724 0.4472 -6.149
  -2 1 -7
}
triangle {
  -2.724 0.4472 -7.526
  -2.724 0.4472 -6.474
  -2 1 -7
}
triangle {
  -1.724 0.4472 -7.851
  -2.724 0.4472 -7.526
  -2 1 -7
}
triangle {
  -1.106 0.4472 -7
  -1.724 0.4472 -7.851
  -2 1 -7
}

plane {
  0 0 1
  0 0 -10.5
}
